11111111 unm 11111111111. 339

iuuentus 129, 22 lambo 30, 16 1111111761 11. 110,2, lectionis
iuxta 66, 6. 14 lamen 42, 20 110, 16
’11111111111111111 111111 iden 1111111111 laniones 267, 28 lectito 31, 23. 48, 24. 162,
1111121616 111111111111111111110111101. 3. 16. 206, 26. 207, 36.
ix terminata 1111116111 119, 17, 282, 18 263, 6. 16
lanugo, 11111 110, 17 lectores 11111. 298, 11111, 13
K, 11111 lancis 121, 23 lectum lectu 210, 28
Lar 113, 29 lecturio 48, 29. 162, 3. 9;

111101119139· 8251 81 8111* las laris quod et 111 idest 206, 24. 263, l. 17
61611613001. 306261 1303, 115‚22 11111111106,4

1111114101114111307, 29. 100,, 114, 0 1111111 lecti 128, 30; 1111167,
1119 111οΜ110 111111 ⁸³ 1101111111.192,23 10 ’
,1111611114 22494 11101186, 1. 117, 17; 111ρί· 11011111111118, 18
1141111611 84, 33· 2111311 11111 71, 6; 1. 1101111111 legatus 11 orator quo diff.
1111111111, 1111. 111,,1 1111 , 1111
1411111 1111111110 nomm 11111111111111111. 111, legendus 1111
6111111224, 36 011111, 10124 1131111166,7;Ι.110111111166,
1115111111 110111111111111129,1 24; l. lecturus 166, 151
1111111180 1111131 110111111111111169,27. legens — legendus 57141
14111 215136 laruae 1. 11111111111 248, 33 1111101111 166, 24
zat αηίφρασιν 208, 36. mg, 110111111110116111287, 10
11112 , 111196, 27 legi lector 20, 28; Ι. lectus
111111111111111,1 1111111111111.11.1;1. 1,,11
1191118130 latex 11, 1113111. 111 legio 11 11111111 111 diff.
111111 4, 14 16;11111111111136, 3 180 1
later 114, 4; 1. 1111111114, 20 legi, ἐκ, 100, 5

1¹⁸, laterem 244, 12; quidsi! 244, lego 48, 16. 23. 49, 24, 60, “

110οΜ, ,sumpno 304 7, 14 16. 150. 6.11; 162, 3. 13;
10111.,,,,,,,,1,,,,,,,’,,, 1111111111111111,1 111, a& 1. legis 111, 1.
307’30' Latina lingua 11111111 inter 11.11;1.11111111,11;
,1 m] 213 2 Graecam 1111161111111226, 1, 11111113,16
1,,,00 h'fino, liquem„ 12 lego lectito lecturio 261, 14
111, 10 11111111 1111101111ἱωὶ 226, 10, 115011811101164, 13;ι,1,,,,,,.

111110111101114, 16 111114 1111111111 164, 13 1111111111 163, 24;
Ιι11111111111111111 177, 10 1511111111 1911 ²1· 2115117 Ι.1101111111164,12; Ι. legito
11111111,11.“1.111111111,11 1111111111111111111011 1, 11
11186, 4, 107, 23; 111111 14, 15 lego quot 110101σωὶ1111 1111
8. l. 1111111 120, 9-16 1861111111 11111111 1341 15 beat 267, 24 maz-9.
ummo„ 2¹14, 20 Latinorum litterae 221, 30 1030 0, 000, 23
lacerat 111111111111110111 diff. 111110 11111 111 1· 111111111111111 1101160,19;1.1101111163, 11
11111 ’10116 - 1111111111111111113,24
1111111111) 1111111111111 1111111,111111.
11111111,11·111·11.111,11 'amp 118, 1⁹· 114. 381 ¹· 111111,1;1.1111111,11
11111111 111111 11117 1111111111111,11
11111111 1111111111 41, 18 1111111111111, 11
111111 120, 16 1191191111 11 1111 11 611111111111111111111 13, 27;
11111111111111111111. 11 1111111 16. ²⁹ 1.11111111114,11
1111111,11111.11,111111. 1111111110 111 11111111111, 111, 11.
126, 29; Ι. 111111111- 68, 12. 11111111111111111111111, 17 239, 4; 1, laena 08, 17

69, 27 laudatus 1 nm 66, 28 111 109, 361 1111111 110, 12
1111111111 1111 naec. 192, 20; 1111111149, 12. 60, 14 lepos 117, 32

111111 1111114111. 192, 22 Lauinia 11111 106, 10 lepus 118, 2; 1. leporis 118, 3
118111111141, 32 111111 49, 12; Ι. 1111111 111111 11111110111111111170, 12
11111 1111111 110, 34 266, 26; l. 11111111111111- letum 40, 30. 86, 1
11111111 ire laesio 76, 8 uenter 266, 23 111111 101, 27
1111111 106,3 111111 <aaziae et deponenter 11111101, 17111411. 117, 27
11111111- iactandus 67, 7 266, 23 111111166, 19
11111 11111111 98, 7 laurea 1111111111 quodlff. 282, Leuius 69, 30
Ι11111111,11;111·111ι·1111,18 21 . 11111 49, 12
111111111111111111,16 laureolum 70, 32 lex legis 119, 12. 224, 14;
11111110113111131, 18 110101103,29.106,12.126,7 1. lego 14, 22
1111111 1111111111111,11 11111111111111,1
11111160,6. 26 lea non dicendum 239, 4 liber 47, 7. 100, 7; Ι. libero
1111111141. 294, 10 lecti lectio 68, 30 24, 28; 1. libellus 70, 19;

22*

 

