Baalim 7111, 71

6111111111 11, 448
11, 451
11. 478
11, 571
111, 889
111, 648
mm
Aeneidos 1, [1]

1,

a* §535230 ω’

ww

--ἷ-’.ἑ- 3—-—·· ‹u—‘rffl— 3-3- Γψ--ἓ--ἑ--ἒ-

ἓξὲξ

EXCERPTIS LAVDATORVM.

XXVIII

XLVI, 17

11117

XLVII, 14
CCXXX, 8
XXV

CCXXIX, 10
XLVI, 8
0110711, 1
017071, 18
CLXXVI
CCXXIII, 11
XLVIII, 11117
CCXXX. 80.
CCXXXV, 14
001111177, 10
00171717, 6
001111117, 7
0017171117, 11
XLVII, 0
0011117111, 18
XLV, 18
001117177111, 16
001711177, 8
001711177, 30 ,
XLVI, 90
XLVIII, 15
XLVIII, 17

LI med.

XLVII, 81
gCXXXIV, 15
XXXIII
CCXXXII, 8
XLVII, 14. CCXIV,
CXXVII [13
CLXXVI

LI, 9

LI, 11
CCXXXIII, 3

Aeneidos ll, 7171 CCXVIII, 9.

111, 150
111, 111

11111
111
1111

111, 3513600011171171, 10

11
11
mm
11
mm
11
11
Imm
11
11
um
11
wmoe
mmm

111
m&
11111
11111

111
111111111
11111
11111
111111

111

11111
1111111111111
1111
1111111111

111, 11111111

711, 741
VIII, 191
7111. 106
VIII, 646
111, 1
117, 417
117, 537
111, 150
111, 718
17, 180
17, 361
17. 391
XI. 116
111, 188
171, 667
1111, 1114
1111, 657
1111, 903
1711, 934
Moreti 41

111
111111,11
11
11
111111,1
111
111111,11
111111
1111
111
11
11111
111111
111
11

· CLXXVI

00171717711, 11
11117
CCL et nm¹

 

