nv 11>so mssno LAvanossvM. 313

Aeneidos ’IV, 086 202,Ῑο 711, 024 227,10

V, 10 208, 17 711, 787 213, 22

V, 188 224, 21 7111, 77 104, 27

V, 301 80, 1 VIII, 108 238, 7

7, 401 87, 0 7111, 408 182, 0

V, 006 101, 32 VIII, 010 170, 24

V. 823 108, 1 7111, 648 88, 13, 132, 20
71, 1 276, 7 1Χ, 20 84, 30. 08, 0
71, 118 181, 12, 186, 31 111, 184 181, 10

71, 121 181, 11 111, 203 178, 17
711781 170,17 IX, 014 217,18.200,1
71, 187 181, 21 11, 384 72, 12. 208, 20
71, 203 264. 30 Χ, 030 260, 18

71, 304 78, 32. 233, 28 11, 668 304, 21

71, 823 147, 24 111, 7 300, 27

71, 412 216, 21 111, 120 173, 8

71, 014 178, 7 111, 174 200, 14. 248, 30
71, 082 107, 30 111, 383 188, 4

71, 781 212,0 1111,101-168 268,2-0
71, 782 203, 27 1111, 304 220, 7

71, 831 262, 27 1111, 084 178, 28

71, 838 72, 12 1111, 770 288, 4

71, 843 132, 8 XII, 883 260, 17
711, 14 112, 30 Verrius 120, 14 (Prisc. 1, 212, 10)
711, 261 31,8 VIpIanus 81,17 (Prisc. 1, 87, 18)
711, 382 100, 20. 238, 18 Vulcianus de imbeciIlitate Tuscorum 201,8

mam. 20 adnot. ·

 

